ALGORITHM EXECUTION TIMES IN SECONDS for: 1, 2, 6, 12, 24, 48, 60, 
Alg 	Amount 	time1 	time2 	time3 	time4 	time5 	time6 	time7 	time8 	time9 	time10 	AvgTime (ms)
naive	1	0.000001	0.000000	0.000000	0.000000	0.000000	0.000000	0.000000	0.000000	0.000000	0.000000	0.000374
naive	2	0.000000	0.000000	0.000000	0.000000	0.000000	0.000000	0.000000	0.000000	0.000000	0.000000	0.000267
naive	3	0.000001	0.000003	0.000001	0.000001	0.000001	0.000001	0.000001	0.000001	0.000001	0.000001	0.001075
naive	4	0.000004	0.000002	0.000002	0.000005	0.000002	0.000002	0.000003	0.000002	0.000002	0.000002	0.002651
naive	5	0.000007	0.000007	0.000007	0.000007	0.000007	0.000007	0.000007	0.000007	0.000007	0.000007	0.007024
naive	6	0.000000	0.000000	0.000000	0.000000	0.000000	0.000000	0.000000	0.000000	0.000000	0.000000	0.000271
naive	7	0.000022	0.000019	0.000021	0.000021	0.000021	0.000025	0.000019	0.000021	0.000021	0.000021	0.020973
naive	8	0.000065	0.000059	0.000063	0.000060	0.000064	0.000061	0.000060	0.000071	0.000061	0.000059	0.062345
naive	9	0.000186	0.000187	0.000184	0.000180	0.000189	0.000185	0.000336	0.000186	0.000185	0.000185	0.200159
naive	10	0.000556	0.000554	0.000549	0.000558	0.000551	0.000561	0.000559	0.000554	0.000557	0.000551	0.554772
naive	11	0.001668	0.001662	0.001661	0.001671	0.001662	0.001663	0.001667	0.001663	0.001715	0.001802	1.683425
naive	12	0.000000	0.000000	0.000000	0.000000	0.000000	0.000000	0.000000	0.000000	0.000000	0.000000	0.000289
naive	13	0.005004	0.004981	0.004985	0.004965	0.004993	0.005071	0.005306	0.005112	0.005074	0.005004	5.049560
naive	14	0.015292	0.015066	0.015067	0.015173	0.015474	0.015279	0.015236	0.015153	0.015169	0.015514	15.242200
naive	15	0.045810	0.045264	0.045244	0.045924	0.045170	0.046620	0.044950	0.045346	0.045272	0.044975	45.457630
naive	16	0.135552	0.135451	0.135650	0.134640	0.134151	0.134184	0.134411	0.134337	0.134518	0.139677	135.257123
naive	17	0.422615	0.407575	0.402281	0.407807	0.397034	0.396685	0.401904	0.400247	0.401635	0.401197	403.898086
naive	18	1.221770	1.259952	1.237710	1.304043	1.236663	1.198389	1.234829	1.191712	1.190109	1.189942	1226.511943
greedy	1	0.000060	0.000000	0.000000	0.000000	0.000000	0.000000	0.000000	0.000000	0.000000	0.000000	0.006211
greedy	2	0.000000	0.000000	0.000000	0.000000	0.000000	0.000000	0.000000	0.000000	0.000000	0.000000	0.000237
greedy	3	0.000000	0.000000	0.000000	0.000000	0.000000	0.000000	0.000000	0.000000	0.000000	0.000000	0.000250
greedy	4	0.000000	0.000000	0.000000	0.000000	0.000000	0.000000	0.000000	0.000000	0.000000	0.000000	0.000235
greedy	5	0.000000	0.000000	0.000000	0.000003	0.000000	0.000000	0.000000	0.000000	0.000000	0.000000	0.000504
greedy	6	0.000000	0.000000	0.000000	0.000000	0.000000	0.000000	0.000000	0.000000	0.000000	0.000000	0.000226
greedy	7	0.000000	0.000000	0.000000	0.000000	0.000000	0.000000	0.000000	0.000000	0.000000	0.000000	0.000240
greedy	8	0.000000	0.000000	0.000000	0.000000	0.000000	0.000000	0.000000	0.000000	0.000000	0.000000	0.000233
greedy	9	0.000000	0.000000	0.000000	0.000000	0.000000	0.000000	0.000000	0.000000	0.000000	0.000000	0.000239
greedy	10	0.000000	0.000000	0.000000	0.000000	0.000000	0.000000	0.000000	0.000000	0.000000	0.000000	0.000235
greedy	11	0.000000	0.000000	0.000000	0.000000	0.000000	0.000000	0.000000	0.000000	0.000000	0.000000	0.000242
greedy	12	0.000000	0.000000	0.000000	0.000000	0.000000	0.000000	0.000000	0.000000	0.000000	0.000000	0.000227
greedy	13	0.000000	0.000000	0.000000	0.000000	0.000000	0.000000	0.000000	0.000000	0.000002	0.000000	0.000434
greedy	14	0.000000	0.000000	0.000000	0.000000	0.000000	0.000000	0.000000	0.000000	0.000000	0.000000	0.000230
greedy	15	0.000000	0.000000	0.000000	0.000000	0.000000	0.000000	0.000000	0.000000	0.000000	0.000000	0.000249
greedy	16	0.000000	0.000000	0.000000	0.000000	0.000000	0.000000	0.000000	0.000000	0.000000	0.000000	0.000236
greedy	17	0.000000	0.000000	0.000000	0.000000	0.000000	0.000000	0.000000	0.000000	0.000000	0.000000	0.000242
greedy	18	0.000000	0.000000	0.000000	0.000000	0.000000	0.000000	0.000000	0.000000	0.000000	0.000000	0.000236
dynamic	1	0.000001	0.000000	0.000000	0.000000	0.000000	0.000000	0.000000	0.000000	0.000000	0.000000	0.000340
dynamic	2	0.000000	0.000000	0.000000	0.000000	0.000000	0.000000	0.000000	0.000000	0.000000	0.000000	0.000345
dynamic	3	0.000001	0.000000	0.000000	0.000000	0.000000	0.000000	0.000000	0.000000	0.000000	0.000000	0.000391
dynamic	4	0.000001	0.000000	0.000000	0.000002	0.000000	0.000000	0.000000	0.000000	0.000000	0.000000	0.000617
dynamic	5	0.000001	0.000000	0.000000	0.000000	0.000000	0.000000	0.000000	0.000000	0.000000	0.000000	0.000470
dynamic	6	0.000001	0.000001	0.000001	0.000001	0.000001	0.000000	0.000000	0.000000	0.000000	0.000000	0.000516
dynamic	7	0.000001	0.000001	0.000001	0.000001	0.000001	0.000001	0.000001	0.000001	0.000001	0.000001	0.000561
dynamic	8	0.000001	0.000001	0.000001	0.000001	0.000001	0.000001	0.000001	0.000001	0.000001	0.000001	0.000621
dynamic	9	0.000001	0.000001	0.000001	0.000001	0.000001	0.000001	0.000001	0.000001	0.000001	0.000001	0.000657
dynamic	10	0.000001	0.000001	0.000001	0.000001	0.000001	0.000001	0.000001	0.000001	0.000001	0.000001	0.000687
dynamic	11	0.000001	0.000001	0.000001	0.000001	0.000001	0.000001	0.000001	0.000001	0.000001	0.000001	0.000782
dynamic	12	0.000001	0.000001	0.000001	0.000001	0.000001	0.000001	0.000001	0.000001	0.000001	0.000003	0.000964
dynamic	13	0.000001	0.000001	0.000001	0.000001	0.000001	0.000001	0.000001	0.000001	0.000001	0.000001	0.000844
dynamic	14	0.000001	0.000001	0.000001	0.000001	0.000001	0.000001	0.000001	0.000001	0.000001	0.000001	0.000929
dynamic	15	0.000001	0.000001	0.000001	0.000001	0.000001	0.000001	0.000001	0.000001	0.000001	0.000001	0.000990
dynamic	16	0.000001	0.000001	0.000001	0.000001	0.000001	0.000001	0.000001	0.000001	0.000001	0.000001	0.001038
dynamic	17	0.000001	0.000001	0.000001	0.000001	0.000001	0.000001	0.000001	0.000001	0.000001	0.000001	0.001109
dynamic	18	0.000001	0.000001	0.000001	0.000001	0.000001	0.000001	0.000001	0.000001	0.000001	0.000001	0.001149


ALGORITHM EXECUTION TIMES IN SECONDS for: 1, 5, 10, 25, 50, 
Alg 	Amount 	time1 	time2 	time3 	time4 	time5 	time6 	time7 	time8 	time9 	time10 	AvgTime (ms)
naive	1	0.000001	0.000000	0.000000	0.000000	0.000000	0.000000	0.000000	0.000000	0.000000	0.000000	0.000287
naive	2	0.000003	0.000001	0.000001	0.000001	0.000001	0.000000	0.000001	0.000001	0.000000	0.000001	0.000742
naive	3	0.000001	0.000001	0.000001	0.000003	0.000001	0.000001	0.000001	0.000001	0.000001	0.000003	0.001534
naive	4	0.000003	0.000005	0.000003	0.000005	0.000003	0.000005	0.000003	0.000005	0.000003	0.000005	0.004041
naive	5	0.000000	0.000000	0.000000	0.000000	0.000000	0.000000	0.000000	0.000000	0.000000	0.000000	0.000265
naive	6	0.000011	0.000015	0.000011	0.000013	0.000011	0.000013	0.000011	0.000015	0.000012	0.000011	0.012323
naive	7	0.000036	0.000037	0.000035	0.000038	0.000035	0.000036	0.000035	0.000035	0.000035	0.000035	0.035684
naive	8	0.000105	0.000104	0.000102	0.000105	0.000102	0.000106	0.000103	0.000108	0.000102	0.000108	0.104576
naive	9	0.000310	0.000310	0.000316	0.000311	0.000312	0.000316	0.000312	0.000310	0.000312	0.000314	0.312198
naive	10	0.000000	0.000000	0.000000	0.000000	0.000000	0.000000	0.000000	0.000000	0.000000	0.000000	0.000277
naive	11	0.000941	0.000936	0.000936	0.000934	0.000938	0.000936	0.000936	0.000936	0.000937	0.000938	0.936878
naive	12	0.002813	0.002831	0.002807	0.002847	0.002799	0.002807	0.002808	0.002815	0.002807	0.002821	2.815445
naive	13	0.008434	0.008429	0.008456	0.008433	0.008450	0.008440	0.008449	0.008445	0.008435	0.008424	8.439572
naive	14	0.025313	0.025460	0.026283	0.025308	0.025326	0.025312	0.026271	0.025298	0.025341	0.025290	25.520205
naive	15	0.076730	0.076464	0.078153	0.076592	0.094902	0.075862	0.091374	0.086629	0.075836	0.083099	81.564220
naive	16	0.232038	0.228619	0.229452	0.245965	0.243119	0.238192	0.234620	0.233245	0.228162	0.228064	234.147542
naive	17	0.684654	0.702151	0.707497	0.688119	0.690440	0.683003	0.682769	0.683080	0.685001	0.682193	688.890414
naive	18	2.053749	2.053990	2.052184	2.077801	2.096870	2.066269	2.062083	2.050360	2.047069	2.051840	2061.221596
greedy	1	0.000001	0.000000	0.000000	0.000000	0.000000	0.000000	0.000000	0.000000	0.000000	0.000000	0.000406
greedy	2	0.000001	0.000000	0.000000	0.000000	0.000000	0.000000	0.000000	0.000000	0.000000	0.000000	0.000258
greedy	3	0.000000	0.000000	0.000000	0.000000	0.000000	0.000000	0.000000	0.000000	0.000000	0.000000	0.000232
greedy	4	0.000000	0.000000	0.000000	0.000000	0.000000	0.000000	0.000000	0.000000	0.000000	0.000000	0.000233
greedy	5	0.000000	0.000000	0.000000	0.000000	0.000000	0.000000	0.000000	0.000000	0.000000	0.000000	0.000218
greedy	6	0.000000	0.000000	0.000000	0.000000	0.000000	0.000000	0.000000	0.000000	0.000000	0.000000	0.000223
greedy	7	0.000000	0.000000	0.000000	0.000000	0.000000	0.000000	0.000000	0.000000	0.000000	0.000000	0.000228
greedy	8	0.000000	0.000000	0.000000	0.000000	0.000000	0.000000	0.000000	0.000000	0.000000	0.000000	0.000235
greedy	9	0.000000	0.000000	0.000000	0.000000	0.000000	0.000000	0.000000	0.000000	0.000000	0.000000	0.000239
greedy	10	0.000000	0.000000	0.000000	0.000000	0.000000	0.000000	0.000000	0.000000	0.000000	0.000000	0.000219
greedy	11	0.000000	0.000000	0.000000	0.000000	0.000000	0.000000	0.000000	0.000000	0.000000	0.000000	0.000221
greedy	12	0.000003	0.000000	0.000000	0.000000	0.000000	0.000000	0.000000	0.000000	0.000000	0.000000	0.000477
greedy	13	0.000000	0.000000	0.000000	0.000000	0.000000	0.000000	0.000000	0.000000	0.000000	0.000000	0.000236
greedy	14	0.000000	0.000000	0.000000	0.000000	0.000000	0.000000	0.000000	0.000000	0.000000	0.000000	0.000245
greedy	15	0.000000	0.000000	0.000000	0.000000	0.000000	0.000000	0.000000	0.000000	0.000000	0.000000	0.000225
greedy	16	0.000000	0.000000	0.000000	0.000000	0.000000	0.000000	0.000000	0.000000	0.000000	0.000000	0.000232
greedy	17	0.000000	0.000000	0.000000	0.000000	0.000000	0.000000	0.000000	0.000000	0.000000	0.000000	0.000236
greedy	18	0.000000	0.000000	0.000000	0.000000	0.000000	0.000000	0.000000	0.000000	0.000000	0.000000	0.000238
dynamic	1	0.000001	0.000000	0.000000	0.000000	0.000000	0.000000	0.000000	0.000000	0.000000	0.000000	0.000323
dynamic	2	0.000000	0.000000	0.000000	0.000000	0.000000	0.000000	0.000000	0.000000	0.000000	0.000000	0.000337
dynamic	3	0.000001	0.000000	0.000000	0.000000	0.000000	0.000000	0.000000	0.000000	0.000000	0.000000	0.000360
dynamic	4	0.000001	0.000000	0.000000	0.000000	0.000000	0.000000	0.000000	0.000000	0.000000	0.000000	0.000396
dynamic	5	0.000001	0.000000	0.000000	0.000000	0.000000	0.000000	0.000000	0.000000	0.000000	0.000000	0.000398
dynamic	6	0.000001	0.000000	0.000000	0.000000	0.000000	0.000000	0.000000	0.000000	0.000002	0.000000	0.000644
dynamic	7	0.000001	0.000001	0.000000	0.000000	0.000000	0.000000	0.000000	0.000000	0.000000	0.000000	0.000483
dynamic	8	0.000001	0.000001	0.000001	0.000001	0.000001	0.000001	0.000001	0.000001	0.000001	0.000001	0.000533
dynamic	9	0.000001	0.000001	0.000001	0.000001	0.000001	0.000001	0.000001	0.000001	0.000001	0.000001	0.000589
dynamic	10	0.000001	0.000001	0.000001	0.000001	0.000001	0.000001	0.000001	0.000001	0.000001	0.000001	0.000593
dynamic	11	0.000001	0.000001	0.000001	0.000001	0.000001	0.000001	0.000001	0.000001	0.000001	0.000001	0.000643
dynamic	12	0.000001	0.000001	0.000001	0.000001	0.000001	0.000001	0.000001	0.000001	0.000001	0.000001	0.000702
dynamic	13	0.000001	0.000001	0.000001	0.000001	0.000001	0.000001	0.000001	0.000001	0.000001	0.000001	0.000752
dynamic	14	0.000001	0.000001	0.000001	0.000001	0.000001	0.000001	0.000001	0.000001	0.000001	0.000001	0.000796
dynamic	15	0.000001	0.000001	0.000001	0.000001	0.000001	0.000001	0.000001	0.000001	0.000001	0.000001	0.000807
dynamic	16	0.000001	0.000001	0.000001	0.000001	0.000001	0.000001	0.000001	0.000001	0.000001	0.000001	0.000848
dynamic	17	0.000001	0.000001	0.000001	0.000001	0.000001	0.000001	0.000001	0.000001	0.000001	0.000001	0.000901
dynamic	18	0.000001	0.000001	0.000001	0.000001	0.000001	0.000001	0.000001	0.000001	0.000001	0.000001	0.000945


ALGORITHM EXECUTION TIMES IN SECONDS for: 1, 6, 13, 37, 150, 
Alg 	Amount 	time1 	time2 	time3 	time4 	time5 	time6 	time7 	time8 	time9 	time10 	AvgTime (ms)
naive	1	0.000001	0.000005	0.000000	0.000000	0.000000	0.000000	0.000000	0.000000	0.000000	0.000000	0.000854
naive	2	0.000001	0.000001	0.000001	0.000001	0.000001	0.000001	0.000000	0.000000	0.000001	0.000001	0.000552
naive	3	0.000001	0.000003	0.000001	0.000001	0.000001	0.000001	0.000001	0.000003	0.000001	0.000001	0.001529
naive	4	0.000003	0.000005	0.000003	0.000005	0.000003	0.000005	0.000003	0.000004	0.000003	0.000005	0.003901
naive	5	0.000011	0.000014	0.000011	0.000013	0.000011	0.000012	0.000016	0.000012	0.000011	0.000012	0.012149
naive	6	0.000000	0.000000	0.000000	0.000000	0.000000	0.000000	0.000000	0.000000	0.000000	0.000000	0.000268
naive	7	0.000033	0.000038	0.000033	0.000036	0.000033	0.000034	0.000033	0.000035	0.000033	0.000035	0.034209
naive	8	0.000102	0.000099	0.000105	0.000099	0.000104	0.000103	0.000101	0.000104	0.000099	0.000104	0.102046
naive	9	0.000302	0.000304	0.000306	0.000302	0.000302	0.000309	0.000302	0.000302	0.000305	0.000306	0.303956
naive	10	0.000913	0.000914	0.000912	0.000915	0.000914	0.000912	0.000908	0.000914	0.000915	0.000915	0.913245
naive	11	0.002743	0.002741	0.002735	0.002739	0.002731	0.002736	0.002740	0.002743	0.002738	0.002754	2.740223
naive	12	0.008285	0.008231	0.008233	0.008249	0.008247	0.008251	0.008236	0.008241	0.008240	0.008405	8.261838
naive	13	0.000000	0.000000	0.000000	0.000000	0.000000	0.000000	0.000000	0.000000	0.000000	0.000000	0.000282
naive	14	0.024820	0.024864	0.024883	0.024695	0.024676	0.025443	0.024631	0.024714	0.024743	0.024739	24.820926
naive	15	0.074077	0.074228	0.074172	0.074269	0.074004	0.073899	0.073990	0.075193	0.074044	0.074318	74.219288
naive	16	0.222859	0.222190	0.223413	0.221782	0.222359	0.223068	0.222542	0.222560	0.223819	0.222129	222.672112
naive	17	0.668434	0.669983	0.664885	0.666248	0.666792	0.667025	0.670934	0.651000	0.651192	0.660438	663.693161
naive	18	2.000305	2.024302	2.029494	2.148988	2.172553	2.138076	2.152193	2.137289	2.136639	2.132992	2107.283053
greedy	1	0.000002	0.000001	0.000001	0.000000	0.000000	0.000004	0.000000	0.000000	0.000000	0.000000	0.000885
greedy	2	0.000000	0.000000	0.000000	0.000000	0.000000	0.000000	0.000000	0.000000	0.000000	0.000000	0.000263
greedy	3	0.000000	0.000000	0.000000	0.000000	0.000000	0.000000	0.000000	0.000000	0.000000	0.000000	0.000247
greedy	4	0.000000	0.000000	0.000000	0.000000	0.000000	0.000000	0.000000	0.000000	0.000000	0.000000	0.000263
greedy	5	0.000000	0.000000	0.000000	0.000000	0.000000	0.000000	0.000000	0.000000	0.000000	0.000000	0.000241
greedy	6	0.000000	0.000000	0.000000	0.000000	0.000000	0.000000	0.000000	0.000000	0.000000	0.000000	0.000221
greedy	7	0.000000	0.000000	0.000000	0.000000	0.000000	0.000000	0.000000	0.000000	0.000000	0.000000	0.000225
greedy	8	0.000000	0.000000	0.000000	0.000000	0.000000	0.000000	0.000000	0.000000	0.000000	0.000000	0.000229
greedy	9	0.000000	0.000000	0.000000	0.000000	0.000000	0.000000	0.000000	0.000000	0.000000	0.000000	0.000238
greedy	10	0.000000	0.000000	0.000000	0.000000	0.000000	0.000000	0.000000	0.000000	0.000000	0.000000	0.000237
greedy	11	0.000000	0.000000	0.000000	0.000000	0.000000	0.000000	0.000000	0.000000	0.000000	0.000000	0.000243
greedy	12	0.000000	0.000000	0.000000	0.000000	0.000000	0.000000	0.000000	0.000000	0.000000	0.000000	0.000227
greedy	13	0.000000	0.000000	0.000000	0.000000	0.000000	0.000000	0.000000	0.000000	0.000000	0.000000	0.000220
greedy	14	0.000000	0.000000	0.000000	0.000002	0.000000	0.000000	0.000000	0.000000	0.000000	0.000000	0.000454
greedy	15	0.000000	0.000000	0.000000	0.000000	0.000000	0.000000	0.000000	0.000000	0.000000	0.000000	0.000229
greedy	16	0.000000	0.000000	0.000000	0.000000	0.000000	0.000000	0.000000	0.000000	0.000000	0.000000	0.000233
greedy	17	0.000000	0.000000	0.000000	0.000000	0.000000	0.000000	0.000000	0.000000	0.000000	0.000000	0.000254
greedy	18	0.000000	0.000000	0.000000	0.000000	0.000000	0.000000	0.000000	0.000000	0.000000	0.000000	0.000243
dynamic	1	0.000000	0.000000	0.000000	0.000000	0.000000	0.000000	0.000000	0.000000	0.000000	0.000000	0.000299
dynamic	2	0.000000	0.000000	0.000000	0.000000	0.000000	0.000000	0.000000	0.000000	0.000000	0.000000	0.000326
dynamic	3	0.000000	0.000000	0.000000	0.000000	0.000000	0.000000	0.000000	0.000000	0.000000	0.000000	0.000361
dynamic	4	0.000001	0.000000	0.000000	0.000000	0.000000	0.000000	0.000000	0.000000	0.000000	0.000000	0.000401
dynamic	5	0.000001	0.000000	0.000000	0.000000	0.000000	0.000000	0.000000	0.000000	0.000000	0.000000	0.000420
dynamic	6	0.000001	0.000000	0.000000	0.000000	0.000000	0.000000	0.000000	0.000000	0.000000	0.000000	0.000445
dynamic	7	0.000001	0.000001	0.000000	0.000000	0.000000	0.000000	0.000000	0.000000	0.000000	0.000000	0.000478
dynamic	8	0.000001	0.000001	0.000001	0.000001	0.000000	0.000000	0.000000	0.000000	0.000000	0.000000	0.000513
dynamic	9	0.000001	0.000002	0.000001	0.000001	0.000001	0.000001	0.000001	0.000001	0.000001	0.000001	0.000722
dynamic	10	0.000001	0.000001	0.000001	0.000001	0.000001	0.000001	0.000001	0.000001	0.000001	0.000001	0.000609
dynamic	11	0.000001	0.000001	0.000001	0.000001	0.000001	0.000001	0.000001	0.000001	0.000001	0.000001	0.000650
dynamic	12	0.000001	0.000001	0.000001	0.000001	0.000001	0.000001	0.000001	0.000001	0.000001	0.000001	0.000643
dynamic	13	0.000001	0.000001	0.000001	0.000001	0.000001	0.000001	0.000001	0.000001	0.000001	0.000001	0.000694
dynamic	14	0.000001	0.000001	0.000001	0.000001	0.000001	0.000001	0.000001	0.000001	0.000001	0.000001	0.000736
dynamic	15	0.000001	0.000001	0.000001	0.000001	0.000001	0.000001	0.000001	0.000001	0.000001	0.000001	0.000790
dynamic	16	0.000001	0.000001	0.000001	0.000001	0.000001	0.000001	0.000001	0.000001	0.000001	0.000001	0.000838
dynamic	17	0.000001	0.000001	0.000001	0.000001	0.000001	0.000001	0.000001	0.000001	0.000001	0.000001	0.000886
dynamic	18	0.000001	0.000001	0.000001	0.000001	0.000001	0.000001	0.000001	0.000001	0.000001	0.000001	0.000892


