ALGORITHM EXECUTION TIMES IN SECONDS for: 1, 5, 10, 25, 50, 
Alg 	Amount 	time1 	time2 	time3 	time4 	time5 	time6 	time7 	time8 	time9 	time10 	AvgTime (ms)
naive	1	0.000002	0.000001	0.000000	0.000000	0.000000	0.000000	0.000000	0.000000	0.000000	0.000000	0.000552
naive	2	0.000002	0.000001	0.000001	0.000001	0.000001	0.000001	0.000004	0.000001	0.000001	0.000001	0.001287
naive	3	0.000002	0.000002	0.000002	0.000002	0.000005	0.000002	0.000002	0.000002	0.000002	0.000002	0.002272
naive	4	0.000010	0.000005	0.000008	0.000012	0.000008	0.000005	0.000007	0.000005	0.000007	0.000005	0.007281
naive	5	0.000001	0.000001	0.000001	0.000000	0.000000	0.000000	0.000000	0.000000	0.000000	0.000000	0.000493
naive	6	0.000020	0.000020	0.000018	0.000020	0.000018	0.000021	0.000018	0.000018	0.000011	0.000012	0.017767
naive	7	0.000038	0.000040	0.000034	0.000036	0.000036	0.000035	0.000035	0.000039	0.000037	0.000034	0.036414
naive	8	0.000106	0.000110	0.000110	0.000108	0.000107	0.000109	0.000106	0.000106	0.000109	0.000108	0.107770
naive	9	0.000327	0.000457	0.000320	0.000326	0.000318	0.000318	0.000325	0.000321	0.000319	0.000324	0.335467
naive	10	0.000000	0.000000	0.000000	0.000000	0.000000	0.000000	0.000000	0.000000	0.000000	0.000000	0.000287
naive	11	0.001029	0.000978	0.001042	0.000965	0.000961	0.000962	0.000967	0.000962	0.000962	0.000959	0.978787
naive	12	0.003036	0.002876	0.002895	0.003136	0.002941	0.002874	0.002878	0.002908	0.002880	0.002870	2.929332
naive	13	0.008799	0.008768	0.009109	0.008636	0.014173	0.014636	0.015443	0.015051	0.014987	0.014876	12.447910
naive	14	0.044651	0.036694	0.035241	0.030423	0.025764	0.026172	0.025937	0.026280	0.026736	0.025741	30.363778
naive	15	0.077652	0.077395	0.077195	0.077640	0.077346	0.077558	0.077259	0.077614	0.077486	0.077621	77.476485
naive	16	0.230383	0.231877	0.230936	0.235287	0.230894	0.238603	0.257396	0.256013	0.230231	0.273143	241.476355
naive	17	0.692910	0.700913	0.701667	0.695431	0.766509	0.732745	0.723294	0.722922	0.692405	0.691339	712.013498
naive	18	2.086612	2.171506	2.220627	2.073083	2.254086	2.179046	2.118459	2.139137	2.160353	2.068145	2147.105440
greedy	1	0.000005	0.000001	0.000001	0.000000	0.000000	0.000000	0.000000	0.000000	0.000000	0.000000	0.000820
greedy	2	0.000000	0.000000	0.000000	0.000000	0.000000	0.000000	0.000000	0.000000	0.000000	0.000000	0.000253
greedy	3	0.000000	0.000000	0.000003	0.000003	0.000000	0.000000	0.000000	0.000000	0.000000	0.000000	0.000780
greedy	4	0.000000	0.000000	0.000000	0.000000	0.000000	0.000000	0.000000	0.000000	0.000000	0.000000	0.000244
greedy	5	0.000000	0.000000	0.000000	0.000000	0.000000	0.000000	0.000000	0.000000	0.000000	0.000000	0.000234
greedy	6	0.000000	0.000000	0.000000	0.000000	0.000000	0.000000	0.000000	0.000000	0.000000	0.000000	0.000230
greedy	7	0.000000	0.000000	0.000000	0.000000	0.000000	0.000000	0.000000	0.000000	0.000000	0.000000	0.000236
greedy	8	0.000000	0.000000	0.000000	0.000000	0.000000	0.000000	0.000000	0.000000	0.000000	0.000000	0.000245
greedy	9	0.000000	0.000000	0.000000	0.000000	0.000000	0.000000	0.000000	0.000000	0.000000	0.000000	0.000243
greedy	10	0.000000	0.000000	0.000000	0.000000	0.000000	0.000000	0.000000	0.000000	0.000000	0.000000	0.000223
greedy	11	0.000000	0.000000	0.000000	0.000000	0.000000	0.000000	0.000000	0.000000	0.000000	0.000000	0.000230
greedy	12	0.000000	0.000000	0.000000	0.000000	0.000000	0.000000	0.000000	0.000000	0.000000	0.000000	0.000237
greedy	13	0.000000	0.000000	0.000000	0.000000	0.000000	0.000000	0.000000	0.000000	0.000000	0.000000	0.000238
greedy	14	0.000000	0.000000	0.000000	0.000000	0.000000	0.000000	0.000000	0.000000	0.000000	0.000000	0.000244
greedy	15	0.000000	0.000000	0.000000	0.000000	0.000000	0.000000	0.000000	0.000000	0.000000	0.000000	0.000231
greedy	16	0.000000	0.000002	0.000000	0.000000	0.000000	0.000000	0.000000	0.000000	0.000000	0.000000	0.000383
greedy	17	0.000000	0.000000	0.000000	0.000000	0.000000	0.000000	0.000000	0.000000	0.000000	0.000000	0.000238
greedy	18	0.000000	0.000000	0.000000	0.000000	0.000000	0.000000	0.000000	0.000000	0.000000	0.000000	0.000249
dynamic	1	0.000001	0.000000	0.000000	0.000000	0.000000	0.000000	0.000000	0.000000	0.000000	0.000000	0.000332
dynamic	2	0.000001	0.000000	0.000000	0.000000	0.000000	0.000000	0.000000	0.000000	0.000000	0.000000	0.000348
dynamic	3	0.000000	0.000000	0.000000	0.000000	0.000000	0.000000	0.000000	0.000000	0.000000	0.000000	0.000371
dynamic	4	0.000001	0.000000	0.000000	0.000000	0.000000	0.000000	0.000000	0.000000	0.000000	0.000000	0.000414
dynamic	5	0.000001	0.000001	0.000000	0.000000	0.000000	0.000000	0.000000	0.000000	0.000000	0.000000	0.000410
dynamic	6	0.000001	0.000001	0.000000	0.000000	0.000000	0.000000	0.000000	0.000000	0.000000	0.000000	0.000460
dynamic	7	0.000001	0.000000	0.000001	0.000000	0.000000	0.000000	0.000000	0.000000	0.000000	0.000000	0.000484
dynamic	8	0.000001	0.000001	0.000001	0.000001	0.000001	0.000001	0.000001	0.000001	0.000001	0.000001	0.000541
dynamic	9	0.000001	0.000001	0.000001	0.000001	0.000001	0.000001	0.000001	0.000001	0.000001	0.000001	0.000568
dynamic	10	0.000001	0.000001	0.000001	0.000001	0.000001	0.000001	0.000001	0.000001	0.000001	0.000002	0.000752
dynamic	11	0.000001	0.000001	0.000001	0.000001	0.000001	0.000001	0.000001	0.000001	0.000001	0.000001	0.000645
dynamic	12	0.000001	0.000001	0.000001	0.000001	0.000001	0.000001	0.000001	0.000001	0.000001	0.000001	0.000711
dynamic	13	0.000001	0.000001	0.000001	0.000001	0.000001	0.000001	0.000001	0.000001	0.000001	0.000001	0.000767
dynamic	14	0.000001	0.000001	0.000001	0.000001	0.000001	0.000001	0.000001	0.000001	0.000001	0.000001	0.000799
dynamic	15	0.000001	0.000001	0.000001	0.000001	0.000001	0.000001	0.000001	0.000001	0.000001	0.000001	0.000806
dynamic	16	0.000001	0.000001	0.000001	0.000001	0.000001	0.000001	0.000001	0.000001	0.000001	0.000001	0.000857
dynamic	17	0.000001	0.000001	0.000001	0.000001	0.000001	0.000001	0.000001	0.000001	0.000001	0.000001	0.000911
dynamic	18	0.000001	0.000001	0.000001	0.000001	0.000001	0.000001	0.000001	0.000001	0.000001	0.000001	0.000961


ALGORITHM EXECUTION TIMES IN SECONDS for: 1, 10, 21, 50, 
Alg 	Amount 	time1 	time2 	time3 	time4 	time5 	time6 	time7 	time8 	time9 	time10 	AvgTime (ms)
naive	1	0.000000	0.000000	0.000000	0.000000	0.000000	0.000000	0.000000	0.000000	0.000000	0.000000	0.000296
naive	2	0.000001	0.000002	0.000001	0.000001	0.000000	0.000000	0.000000	0.000000	0.000000	0.000000	0.000693
naive	3	0.000001	0.000001	0.000001	0.000003	0.000001	0.000001	0.000001	0.000001	0.000001	0.000002	0.001455
naive	4	0.000003	0.000005	0.000003	0.000004	0.000003	0.000005	0.000003	0.000005	0.000003	0.000005	0.003858
naive	5	0.000012	0.000011	0.000012	0.000011	0.000014	0.000011	0.000012	0.000010	0.000012	0.000011	0.011327
naive	6	0.000034	0.000034	0.000034	0.000039	0.000036	0.000036	0.000033	0.000033	0.000032	0.000036	0.034732
naive	7	0.000100	0.000098	0.000099	0.000103	0.000099	0.000100	0.000099	0.000104	0.000098	0.000099	0.099950
naive	8	0.000302	0.000298	0.000301	0.000302	0.000298	0.000300	0.000297	0.000299	0.000297	0.000302	0.299656
naive	9	0.000898	0.000896	0.000895	0.000893	0.000895	0.000893	0.000899	0.000900	0.000898	0.000898	0.896608
naive	10	0.000000	0.000000	0.000000	0.000000	0.000000	0.000000	0.000000	0.000000	0.000000	0.000000	0.000304
naive	11	0.002682	0.002693	0.002693	0.002687	0.002689	0.002690	0.002685	0.002699	0.002699	0.002704	2.692115
naive	12	0.008083	0.008065	0.008077	0.008107	0.008158	0.008184	0.008151	0.008191	0.008187	0.008165	8.136745
naive	13	0.024540	0.024597	0.024855	0.024852	0.025355	0.024751	0.024536	0.024307	0.024525	0.024618	24.693663
naive	14	0.073406	0.072739	0.073812	0.074266	0.073287	0.073736	0.072458	0.072609	0.073303	0.074039	73.365445
naive	15	0.219983	0.216981	0.218029	0.217462	0.218272	0.219655	0.217414	0.219340	0.217714	0.219687	218.453687
naive	16	0.657166	0.661604	0.657721	0.657025	0.658498	0.692472	0.794821	0.658077	0.657566	0.685621	678.057136
naive	17	2.003806	2.043956	2.058226	2.028372	2.091014	2.026938	2.036023	1.969615	2.004603	2.068342	2033.089747

Divide & Conquer Algorithm: 
coin denominations: 1 5 10 25 50 
change  quantities: 3 1 1 0 0 
min. number of coins: 5

Greedy Algorithm: 
coin denominations: 1 5 10 25 50 
change  quantities: 3 1 1 0 0 
min. number of coins: 5

Dynamic Programming Algorithm: 
coin denominations: 1 5 10 25 50 
change  quantities: 3 1 1 0 0 
min. number of coins: 5



Divide & Conquer Algorithm: 
coin denominations: 1 10 21 50 
change  quantities: 3 1 0 0 
min. number of coins: 4

Greedy Algorithm: 
coin denominations: 1 10 21 50 
change  quantities: 3 1 0 0 
min. number of coins: 4

Dynamic Programming Algorithm: 
coin denominations: 1 10 21 50 
change  quantities: 3 1 0 0 
min. number of coins: 4



Divide & Conquer Algorithm: 
coin denominations: 1 2 4 8 16 

Divide & Conquer Algorithm: 
coin denominations: 1 5 10 25 50 
change  quantities: 3 1 1 0 0 
min. number of coins: 5
total amount of change: 18

Greedy Algorithm: 
coin denominations: 1 5 10 25 50 
change  quantities: 3 1 1 0 0 
min. number of coins: 5
total amount of change: 18

Dynamic Programming Algorithm: 
coin denominations: 1 5 10 25 50 
change  quantities: 3 1 1 0 0 
min. number of coins: 5
total amount of change: 18



Divide & Conquer Algorithm: 
coin denominations: 1 10 21 50 
change  quantities: 3 1 0 0 
min. number of coins: 4
total amount of change: 13

Greedy Algorithm: 
coin denominations: 1 10 21 50 
change  quantities: 3 1 0 0 
min. number of coins: 4
total amount of change: 13

Dynamic Programming Algorithm: 
coin denominations: 1 10 21 50 
change  quantities: 3 1 0 0 
min. number of coins: 4
total amount of change: 13



Divide & Conquer Algorithm: 
coin denominations: 1 2 4 8 16 

Divide & Conquer Algorithm: 
coin denominations: 1 5 10 25 50 
change  quantities: 3 1 1 0 0 
min. number of coins: 5
total amount of change: 18

Greedy Algorithm: 
coin denominations: 1 5 10 25 50 
change  quantities: 3 1 1 0 0 
min. number of coins: 5
total amount of change: 18

Dynamic Programming Algorithm: 
coin denominations: 1 5 10 25 50 
change  quantities: 3 1 1 0 0 
min. number of coins: 5
total amount of change: 18



Divide & Conquer Algorithm: 
coin denominations: 1 10 21 50 
change  quantities: 3 1 0 0 
min. number of coins: 4
total amount of change: 13

Greedy Algorithm: 
coin denominations: 1 10 21 50 
change  quantities: 3 1 0 0 
min. number of coins: 4
total amount of change: 13

Dynamic Programming Algorithm: 
coin denominations: 1 10 21 50 
change  quantities: 3 1 0 0 
min. number of coins: 4
total amount of change: 13



Divide & Conquer Algorithm: 
coin denominations: 1 2 4 8 16 
change  quantities: 0 1 0 0 1 
min. number of coins: 2
total amount of change: 18

Greedy Algorithm: 
coin denominations: 1 2 4 8 16 
change  quantities: 0 1 0 0 1 
min. number of coins: 2
total amount of change: 18

Dynamic Programming Algorithm: 
coin denominations: 1 2 4 8 16 
change  quantities: 0 1 0 0 1 
min. number of coins: 2
total amount of change: 18


